271
760
11316
328
760
3841
13477
37550
33075
888
279
15217
5388
1
369
264
93530
2319
11
7063
424
5435
1396
6321
314
279
26887
13
1049
369
3428
1429
310
1228
3463
360
30785
466
67922
13
271
81610
678
1622
310
10033
1204
264
56274
4560
4138
11
11352
17661
279
2943
5304
7206
10458
11
10106
24277
11
321
16982
25
271
332
50525
29097
2325
332
198
760
11316
328
760
3841
13477
37550
33075
888
279
15217
5388
1
1503
524
6435
1928
883
56274
20459
13
1049
7701
1017
369
264
67385
303
279
9640
13
561
11316
3766
3376
760
3841
13477
37550
33075
888
279
15217
5388
871
369
43697
310
4560
28079
13
271
10883
11
353
668
3300
279
15673
488
10897
8559
56274
20459
11
430
411
369
4222
1092
488
10287
310
2466
13
271
13962
220
16
13
1286
706
66602
318
50
2567
8
198
15542
279
22168
12291
11
279
72757
10480
1441
11
6611
264
27286
13
1061
25791
279
3594
2149
3866
20340
1083
279
33419
13
271
13962
220
17
13
63927
66602
198
15542
279
24315
12291
11
279
72757
10480
685
11
23835
286
279
3594
2149
3866
20340
13
271
13962
220
18
13
21755
575
289
318
14552
8
66602
198
15542
279
56274
12291
11
279
10106
369
94511
13
1061
23439
39358
279
72757
1441
13
271
13962
220
19
13
85194
66602
198
15542
279
16982
12291
11
279
72757
10480
685
11
16944
279
16982
43034
680
314
279
33419
13
271
332
68494
52005
332
198
623
6278
20459
11
10106
369
39328
5774
1083
279
33419
4598
1056
1602
9238
440
3594
49340
13
1061
5954
364
22825
2444
888
279
3202
314
10106
25774
13
271
332
814
14636
332
198
760
16982
12291
54703
279
33419
314
279
47680
43034
13
1061
45862
279
33419
364
279
1727
10458
13
271
332
18656
332
198
623
11782
11
264
56274
4560
4138
539
12945
303
3594
321
10106
11
23835
286
1070
11
5056
5672
1070
11
321
1295
6095
279
11939
43034
13
1061
1817
42151
29865
310
6707
2279
13
271
332
8839
64700
1368
488
8526
310
2466
883
264
3050
913
314
4560
318
68
1257
2487
264
1330
5304
7206
4560
681
4338
35932
11
430
279
2943
5304
7206
10458
7246
3294
369
279
5129
364
1379
6278
20459
13
271
332
81639
332
198
2592
488
8526
310
2466
883
264
3050
913
314
4560
318
68
1257
2487
264
1330
5304
7206
4560
681
4338
35932
11
430
279
2943
5304
7206
10458
7246
3294
369
279
5129
364
1379
6278
20459
13
271
332
81639
332
198
2592
488
8526
310
2466
883
264
3050
913
314
4560
318
68
1257
2487
264
1330
5304
7206
4560
681
4338
35932
11
430
279
2943
5304
7206
10458
7246
3294
369
279
5129
364
1379
6278
20459
13
271
332
81639
332
198
2592
488
8526
310
2466
883
264
3050
913
314
4560
318
68
1257
2487
264
1330
5304
7206
4560
681
4338
35932
11
430
279
2943
5304
7206
10458
7246
3294
369
279
5129
364
1379
6278
20459
13
271
332
81639
332
198
2592
488
8526
310
2466
883
264
3050
913
314
4560
318
68
1257
2487
264
1330
5304
7206
4560
681
4338
35932
11
430
279
2943
5304
7206
10458
7246
3294
369
279
5129
364
1379
6278
20459
13
271
332
