271
760
11316
328
760
3841
13477
37550
33075
888
279
15217
5388
1
369
264
93530
2319
11
7063
424
5435
1396
6321
314
279
26887
13
1049
369
3428
1429
310
1228
3463
360
30785
466
67922
13
271
81610
678
1622
310
10033
1204
264
56274
4560
4138
11
11352
17661
279
2943
5304
7206
10458
11
10106
24277
11
321
16982
25
271
332
50525
29097
2325
332
198
760
11316
328
760
3841
13477
37550
33075
888
279
15217
5388
1
1503
524
6435
1928
883
56274
20459
13
1049
7701
1017
369
264
67385
303
279
9640
13
561
11316
3766
3376
760
3841
13477
37550
33075
888
279
15217
5388
871
369
43697
310
4560
28079
13
271
10883
11
353
668
3300
279
15673
488
10897
8559
56274
20459
11
430
411
369
4222
1092
488
10287
310
2466
13
271
13962
220
16
13
1286
706
66602
318
50
2567
8
198
15542
279
22168
12291
11
279
72757
10480
1441
11
6611
264
27286
13
1061
25791
279
3594
2149
3866
20340
1083
279
33419
13
271
13962
220
17
13
63927
66602
198
15542
279
24315
12291
11
279
